


########################################################################################################################


34:0:Biped:-0.781200210648 0.846870263893 1.16650876766 0.986129495176 0.73754821638 0.00504603935656 0.0465323460973

1653:30:Biped:1.11384645181 -1.27723179102 -2.53498739821 0.0310261336371 0.0786342219362 0.041420715205 -0.608213388891


########################################################################################################################


39.6748636169:0:SimpleQuadruped:-0.0948645724041 -0.635334450192 2.84762578454 -0.0705645231702 2.30760802261 -0.239488063784 1.50525283798 0.961906884508 -7.05178240076 2.31254052607

110.950779403:10:SimpleQuadruped:-1.94070343621 3.05298556781 -2.25871610529 0.00660580516197 -1.73159377419 1.69132303106 -2.97985656879 0.475770009216 15.9193151845 2.46980861614

132.478639755:70:SimpleQuadruped:-0.210252976253 -0.896843599914 -0.855883805661 -0.103074667932 -1.74726178257 0.292494589471 -0.0248959559295 0.76489591651 -10.1488775702 2.95483749376



########################################################################################################################


69.4381449203:0:Quadruped:-0.937434162674 0.935928059521 -3.13991388026 1.22492078474 -2.84416793845 -1.09592820722 0.0555931221487 -0.692730768893 1.0455204856 -0.474883315793 2.67209083528 2.17501103973 -17.3507712934 3.01678195645 3.43194559315 1.70997774844 1.00382265329 0.740548980351

202.000916865:53:Quadruped:-1.22557168141 -0.496308974999 -2.37430558759 -1.48856708728 0.823707551876 1.54864015962 -0.505772740627 1.94878189612 -0.239854605675 2.40806737208 -1.01282865191 1.72819865955 -22.7942535724 9.63484733286 5.75744691646 1.0852034252 1.19554430869 1.69702959667

178.025263215:???:Quadruped:0.403407968072 -1.51447220492 0.608573745375 -0.112476445778 -1.28290645325 -2.99352917021 2.90714317147 -3.14580170972 -2.56620256967 -2.45667834197 0.901846426175 -0.425301149532 -13.542109591 8.10051802441 5.88767465332 0.511923271662 1.04092226273 1.25151863285


########################################################################################################################


142.656825984:0:Octoped:-0.914098119345 3.14116871785 -2.62396816308 2.24764627822 13.4720009755 6.5434790284
301.008608383:75:Octoped:0.656210003153 0.678760738497 1.3332472441 3.49823593716 8.21847058576 5.2567701253
295.192748681:104:Octoped:0.720140042915 0.629423001422 1.25593796168 3.0847079473 7.80452210618 4.58128901335